2.461224489795918569e+00 2.461224489795918569e+00 2.461224489795918569e+00 2.458715596330275588e+00 2.458715596330275588e+00 2.458715596330275588e+00 2.458715596330275588e+00 2.458715596330275588e+00 2.456211812627291380e+00 2.456211812627291380e+00 2.456211812627291380e+00 2.456211812627291380e+00 2.456211812627291380e+00 2.453713123092573944e+00 2.453713123092573944e+00 2.453713123092573944e+00 2.453713123092573944e+00 2.453713123092573944e+00 2.453713123092573944e+00 2.451219512195121908e+00 2.451219512195121908e+00 2.451219512195121908e+00 2.451219512195121908e+00 2.451219512195121908e+00 2.448730964467005222e+00 2.448730964467005222e+00 2.448730964467005222e+00 2.448730964467005222e+00 2.448730964467005222e+00 2.446247464503042757e+00 2.446247464503042757e+00 2.446247464503042757e+00 2.446247464503042757e+00 2.446247464503042757e+00 2.443768996960486550e+00 2.443768996960486550e+00 2.443768996960486550e+00 2.443768996960486550e+00 2.443768996960486550e+00 2.441295546558704732e+00 2.441295546558704732e+00 2.441295546558704732e+00 2.441295546558704732e+00 2.441295546558704732e+00 2.438827098078867994e+00 2.438827098078867994e+00 2.438827098078867994e+00 2.438827098078867994e+00 2.438827098078867994e+00 2.436363636363636509e+00
2.461224489795918569e+00 2.458715596330275588e+00 2.458715596330275588e+00 2.456211812627291380e+00 2.453713123092573944e+00 2.453713123092573944e+00 2.451219512195121908e+00 2.451219512195121908e+00 2.448730964467005222e+00 2.448730964467005222e+00 2.446247464503042757e+00 2.443768996960486550e+00 2.443768996960486550e+00 2.441295546558704732e+00 2.441295546558704732e+00 2.438827098078867994e+00 2.436363636363636509e+00 2.436363636363636509e+00 2.433905146316851731e+00 2.433905146316851731e+00 2.431451612903225978e+00 2.429003021148036456e+00 2.429003021148036456e+00 2.426559356136821055e+00 2.426559356136821055e+00 2.424120603015075481e+00 2.421686746987952166e+00 2.421686746987952166e+00 2.419257773319960059e+00 2.419257773319960059e+00 2.416833667334669755e+00 2.414414414414414622e+00 2.414414414414414622e+00 2.412000000000000366e+00 2.409590409590409710e+00 2.409590409590409710e+00 2.407185628742515071e+00 2.407185628742515071e+00 2.404785643070788126e+00 2.402390438247012039e+00 2.402390438247012039e+00 2.400000000000000355e+00 2.397614314115308343e+00 2.397614314115308343e+00 2.395233366434955435e+00 2.395233366434955435e+00 2.392857142857143238e+00 2.390485629335976192e+00 2.390485629335976192e+00 2.388118811881188464e+00
2.461224489795918569e+00 2.458715596330275588e+00 2.456211812627291380e+00 2.453713123092573944e+00 2.451219512195121908e+00 2.448730964467005222e+00 2.446247464503042757e+00 2.443768996960486550e+00 2.441295546558704732e+00 2.438827098078867994e+00 2.436363636363636509e+00 2.433905146316851731e+00 2.431451612903225978e+00 2.429003021148036456e+00 2.426559356136821055e+00 2.424120603015075481e+00 2.421686746987952166e+00 2.419257773319960059e+00 2.416833667334669755e+00 2.414414414414414622e+00 2.412000000000000366e+00 2.409590409590409710e+00 2.407185628742515071e+00 2.402390438247012039e+00 2.400000000000000355e+00 2.397614314115308343e+00 2.395233366434955435e+00 2.392857142857143238e+00 2.390485629335976192e+00 2.388118811881188464e+00 2.385756676557863720e+00 2.383399209486166015e+00 2.381046396841066226e+00 2.378698224852071164e+00 2.376354679802955783e+00 2.374015748031496287e+00 2.371681415929203673e+00 2.369351669941061278e+00 2.364705882352941213e+00 2.362389813907933789e+00 2.360078277886497045e+00 2.357771260997067575e+00 2.355468750000000000e+00 2.353170731707317387e+00 2.350877192982456343e+00 2.348588120740019658e+00 2.344023323615160415e+00 2.341747572815534362e+00 2.339476236663433628e+00 2.337209302325581550e+00
2.458715596330275588e+00 2.456211812627291380e+00 2.453713123092573944e+00 2.448730964467005222e+00 2.446247464503042757e+00 2.443768996960486550e+00 2.438827098078867994e+00 2.436363636363636509e+00 2.431451612903225978e+00 2.429003021148036456e+00 2.426559356136821055e+00 2.421686746987952166e+00 2.419257773319960059e+00 2.414414414414414622e+00 2.412000000000000366e+00 2.407185628742515071e+00 2.404785643070788126e+00 2.400000000000000355e+00 2.397614314115308343e+00 2.392857142857143238e+00 2.390485629335976192e+00 2.388118811881188464e+00 2.383399209486166015e+00 2.378698224852071164e+00 2.376354679802955783e+00 2.371681415929203673e+00 2.369351669941061278e+00 2.364705882352941213e+00 2.362389813907933789e+00 2.357771260997067575e+00 2.355468750000000000e+00 2.350877192982456343e+00 2.348588120740019658e+00 2.344023323615160415e+00 2.339476236663433628e+00 2.337209302325581550e+00 2.332688588007737263e+00 2.330434782608695965e+00 2.325940212150433783e+00 2.321462945139557643e+00 2.319230769230769429e+00 2.314779270633397612e+00 2.310344827586206851e+00 2.308133971291866260e+00 2.303724928366762459e+00 2.299332697807435544e+00 2.297142857142857153e+00 2.292775665399239493e+00 2.288425047438330306e+00 2.284090909090909172e+00
2.458715596330275588e+00 2.453713123092573944e+00 2.451219512195121908e+00 2.446247464503042757e+00 2.441295546558704732e+00 2.436363636363636509e+00 2.433905146316851731e+00 2.429003021148036456e+00 2.424120603015075481e+00 2.419257773319960059e+00 2.414414414414414622e+00 2.409590409590409710e+00 2.407185628742515071e+00 2.402390438247012039e+00 2.397614314115308343e+00 2.392857142857143238e+00 2.388118811881188464e+00 2.383399209486166015e+00 2.378698224852071164e+00 2.374015748031496287e+00 2.369351669941061278e+00 2.364705882352941213e+00 2.360078277886497045e+00 2.355468750000000000e+00 2.350877192982456343e+00 2.346303501945525394e+00 2.341747572815534362e+00 2.337209302325581550e+00 2.332688588007737263e+00 2.328185328185328196e+00 2.323699421965317757e+00 2.319230769230769429e+00 2.314779270633397612e+00 2.308133971291866260e+00 2.303724928366762459e+00 2.299332697807435544e+00 2.294957183634633857e+00 2.290598290598290898e+00 2.284090909090909172e+00 2.279773156899811415e+00 2.275471698113207708e+00 2.271186440677966267e+00 2.264788732394366289e+00 2.260543580131209040e+00 2.256314312441534575e+00 2.250000000000000000e+00 2.245810055865921750e+00 2.241635687732342230e+00 2.235403151065801897e+00 2.231267345050879314e+00
2.458715596330275588e+00 2.453713123092573944e+00 2.448730964467005222e+00 2.443768996960486550e+00 2.436363636363636509e+00 2.431451612903225978e+00 2.426559356136821055e+00 2.421686746987952166e+00 2.414414414414414622e+00 2.409590409590409710e+00 2.404785643070788126e+00 2.400000000000000355e+00 2.392857142857143238e+00 2.388118811881188464e+00 2.383399209486166015e+00 2.376354679802955783e+00 2.371681415929203673e+00 2.364705882352941213e+00 2.360078277886497045e+00 2.353170731707317387e+00 2.348588120740019658e+00 2.344023323615160415e+00 2.337209302325581550e+00 2.330434782608695965e+00 2.325940212150433783e+00 2.319230769230769429e+00 2.314779270633397612e+00 2.308133971291866260e+00 2.301526717557252244e+00 2.297142857142857153e+00 2.290598290598290898e+00 2.284090909090909172e+00 2.279773156899811415e+00 2.273327049952874823e+00 2.266917293233082997e+00 2.260543580131209040e+00 2.254205607476635898e+00 2.250000000000000000e+00 2.243720930232558253e+00 2.237476808905380476e+00 2.231267345050879314e+00 2.225092250922509063e+00 2.218951241950322117e+00 2.212844036697247940e+00 2.206770356816102563e+00 2.200729927007299747e+00 2.194722474977252258e+00 2.188747731397459262e+00 2.180831826401446794e+00 2.174932371505861273e+00
2.458715596330275588e+00 2.451219512195121908e+00 2.446247464503042757e+00 2.438827098078867994e+00 2.433905146316851731e+00 2.426559356136821055e+00 2.419257773319960059e+00 2.414414414414414622e+00 2.407185628742515071e+00 2.400000000000000355e+00 2.392857142857143238e+00 2.388118811881188464e+00 2.381046396841066226e+00 2.374015748031496287e+00 2.367026496565260096e+00 2.360078277886497045e+00 2.353170731707317387e+00 2.348588120740019658e+00 2.341747572815534362e+00 2.334946757018393271e+00 2.328185328185328196e+00 2.321462945139557643e+00 2.312559923298178610e+00 2.305927342256214096e+00 2.299332697807435544e+00 2.292775665399239493e+00 2.286255924170616183e+00 2.279773156899811415e+00 2.271186440677966267e+00 2.264788732394366289e+00 2.258426966292134797e+00 2.250000000000000000e+00 2.243720930232558253e+00 2.237476808905380476e+00 2.229205175600739608e+00 2.223041474654377847e+00 2.214876033057851412e+00 2.206770356816102563e+00 2.200729927007299747e+00 2.192727272727272858e+00 2.184782608695652328e+00 2.178861788617886042e+00 2.171017101710171371e+00 2.163228699551569711e+00 2.155495978552278924e+00 2.147818343722172951e+00 2.140195208518190118e+00 2.132625994694960170e+00 2.125110132158590570e+00 2.117647058823529882e+00
2.458715596330275588e+00 2.451219512195121908e+00 2.443768996960486550e+00 2.436363636363636509e+00 2.429003021148036456e+00 2.421686746987952166e+00 2.414414414414414622e+00 2.404785643070788126e+00 2.397614314115308343e+00 2.390485629335976192e+00 2.383399209486166015e+00 2.376354679802955783e+00 2.367026496565260096e+00 2.360078277886497045e+00 2.353170731707317387e+00 2.344023323615160415e+00 2.337209302325581550e+00 2.328185328185328196e+00 2.321462945139557643e+00 2.312559923298178610e+00 2.305927342256214096e+00 2.297142857142857153e+00 2.290598290598290898e+00 2.281929990539262487e+00 2.273327049952874823e+00 2.264788732394366289e+00 2.256314312441534575e+00 2.250000000000000000e+00 2.241635687732342230e+00 2.233333333333333393e+00 2.225092250922509063e+00 2.216911764705882693e+00 2.206770356816102563e+00 2.198723792160437451e+00 2.190735694822888657e+00 2.182805429864253632e+00 2.172972972972973427e+00 2.165170556552962200e+00 2.155495978552278924e+00 2.147818343722172951e+00 2.138297872340425787e+00 2.130742049469965149e+00 2.121372031662269286e+00 2.112084063047285465e+00 2.102877070619006084e+00 2.093750000000000000e+00 2.084701815038894068e+00 2.075731497418244587e+00 2.066838046272494012e+00 2.058020477815699856e+00
2.456211812627291380e+00 2.448730964467005222e+00 2.441295546558704732e+00 2.431451612903225978e+00 2.424120603015075481e+00 2.414414414414414622e+00 2.407185628742515071e+00 2.397614314115308343e+00 2.390485629335976192e+00 2.381046396841066226e+00 2.371681415929203673e+00 2.364705882352941213e+00 2.355468750000000000e+00 2.346303501945525394e+00 2.337209302325581550e+00 2.328185328185328196e+00 2.319230769230769429e+00 2.310344827586206851e+00 2.301526717557252244e+00 2.292775665399239493e+00 2.284090909090909172e+00 2.275471698113207708e+00 2.264788732394366289e+00 2.256314312441534575e+00 2.247903075489282809e+00 2.237476808905380476e+00 2.229205175600739608e+00 2.218951241950322117e+00 2.208791208791208938e+00 2.198723792160437451e+00 2.190735694822888657e+00 2.180831826401446794e+00 2.171017101710171371e+00 2.161290322580645462e+00 2.151650312221231154e+00 2.142095914742451424e+00 2.130742049469965149e+00 2.121372031662269286e+00 2.110236220472441193e+00 2.101045296167247667e+00 2.090121317157712433e+00 2.081104400345125338e+00 2.070386266094420780e+00 2.059777967549103472e+00 2.049277824978759543e+00 2.038884192730346712e+00 2.028595458368376736e+00 2.016722408026756064e+00 2.006672226855713337e+00 1.991659716430358884e+00
2.456211812627291380e+00 2.446247464503042757e+00 2.438827098078867994e+00 2.429003021148036456e+00 2.419257773319960059e+00 2.409590409590409710e+00 2.400000000000000355e+00 2.390485629335976192e+00 2.381046396841066226e+00 2.371681415929203673e+00 2.362389813907933789e+00 2.353170731707317387e+00 2.341747572815534362e+00 2.332688588007737263e+00 2.321462945139557643e+00 2.312559923298178610e+00 2.301526717557252244e+00 2.292775665399239493e+00 2.281929990539262487e+00 2.271186440677966267e+00 2.260543580131209040e+00 2.252100840336134446e+00 2.241635687732342230e+00 2.231267345050879314e+00 2.218951241950322117e+00 2.208791208791208938e+00 2.198723792160437451e+00 2.188747731397459262e+00 2.176895306859206070e+00 2.165170556552962200e+00 2.155495978552278924e+00 2.144000000000000128e+00 2.132625994694960170e+00 2.121372031662269286e+00 2.110236220472441193e+00 2.099216710182767898e+00 2.088311688311688563e+00 2.075731497418244587e+00 2.065068493150684859e+00 2.052765957446808898e+00 2.040609137055837685e+00 2.028595458368376736e+00 2.016722408026756064e+00 2.006672226855713337e+00 1.991659716430358884e+00 1.976647206005004209e+00 1.966638865721434426e+00 1.956630525437864865e+00 1.941618015012510412e+00 1.931609674728940851e+00
2.456211812627291380e+00 2.446247464503042757e+00 2.436363636363636509e+00 2.424120603015075481e+00 2.414414414414414622e+00 2.404785643070788126e+00 2.392857142857143238e+00 2.383399209486166015e+00 2.371681415929203673e+00 2.362389813907933789e+00 2.350877192982456343e+00 2.339476236663433628e+00 2.328185328185328196e+00 2.319230769230769429e+00 2.308133971291866260e+00 2.294957183634633857e+00 2.284090909090909172e+00 2.273327049952874823e+00 2.262664165103189351e+00 2.250000000000000000e+00 2.239554317548746898e+00 2.227146814404432185e+00 2.214876033057851412e+00 2.204753199268738584e+00 2.192727272727272858e+00 2.180831826401446794e+00 2.169064748201438686e+00 2.155495978552278924e+00 2.144000000000000128e+00 2.132625994694960170e+00 2.119507908611599323e+00 2.106550218340611735e+00 2.093750000000000000e+00 2.081104400345125338e+00 2.068610634648370805e+00 2.056265984654731760e+00 2.042337002540220325e+00 2.030303030303030720e+00 2.016722408026756064e+00 2.001668056713928223e+00 1.986655546288573770e+00 1.976647206005004209e+00 1.961634695579649756e+00 1.946622185154295082e+00 1.936613844870725742e+00 1.921601334445371068e+00 1.901584653878231723e+00 1.891576313594662384e+00 1.876563803169307709e+00 1.861551292743953478e+00
2.456211812627291380e+00 2.443768996960486550e+00 2.433905146316851731e+00 2.421686746987952166e+00 2.409590409590409710e+00 2.397614314115308343e+00 2.388118811881188464e+00 2.376354679802955783e+00 2.364705882352941213e+00 2.350877192982456343e+00 2.339476236663433628e+00 2.328185328185328196e+00 2.317002881844380635e+00 2.303724928366762459e+00 2.290598290598290898e+00 2.279773156899811415e+00 2.266917293233082997e+00 2.254205607476635898e+00 2.241635687732342230e+00 2.229205175600739608e+00 2.216911764705882693e+00 2.202739726027397538e+00 2.190735694822888657e+00 2.176895306859206070e+00 2.165170556552962200e+00 2.151650312221231154e+00 2.138297872340425787e+00 2.123239436619718479e+00 2.110236220472441193e+00 2.097391304347826502e+00 2.082901554404145372e+00 2.068610634648370805e+00 2.054514480408858645e+00 2.040609137055837685e+00 2.026890756302521357e+00 2.011676396997498006e+00 1.991659716430358884e+00 1.981651376146789101e+00 1.966638865721434426e+00 1.951626355296080195e+00 1.936613844870725742e+00 1.916597164303586398e+00 1.906588824020016837e+00 1.886572143452877492e+00 1.871559633027523040e+00 1.856547122602168365e+00 1.841534612176814134e+00 1.826522101751459681e+00 1.806505421184320337e+00 1.791492910758965662e+00
2.453713123092573944e+00 2.443768996960486550e+00 2.431451612903225978e+00 2.419257773319960059e+00 2.404785643070788126e+00 2.392857142857143238e+00 2.381046396841066226e+00 2.367026496565260096e+00 2.355468750000000000e+00 2.341747572815534362e+00 2.328185328185328196e+00 2.317002881844380635e+00 2.303724928366762459e+00 2.288425047438330306e+00 2.275471698113207708e+00 2.262664165103189351e+00 2.247903075489282809e+00 2.235403151065801897e+00 2.220994475138121871e+00 2.206770356816102563e+00 2.192727272727272858e+00 2.178861788617886042e+00 2.165170556552962200e+00 2.149732620320855769e+00 2.136403897254207429e+00 2.121372031662269286e+00 2.106550218340611735e+00 2.091934084995663579e+00 2.075731497418244587e+00 2.061538461538461764e+00 2.045801526717557550e+00 2.030303030303030720e+00 2.013355592654423987e+00 1.996663886572143554e+00 1.981651376146789101e+00 1.961634695579649756e+00 1.946622185154295082e+00 1.926605504587156181e+00 1.916597164303586398e+00 1.896580483736447054e+00 1.881567973311092823e+00 1.861551292743953478e+00 1.846538782318598804e+00 1.826522101751459681e+00 1.806505421184320337e+00 1.791492910758965662e+00 1.776480400333611431e+00 1.751459549624687417e+00 1.736447039199332742e+00 1.716430358632193620e+00
2.453713123092573944e+00 2.441295546558704732e+00 2.429003021148036456e+00 2.414414414414414622e+00 2.400000000000000355e+00 2.388118811881188464e+00 2.374015748031496287e+00 2.360078277886497045e+00 2.346303501945525394e+00 2.332688588007737263e+00 2.317002881844380635e+00 2.303724928366762459e+00 2.288425047438330306e+00 2.275471698113207708e+00 2.260543580131209040e+00 2.245810055865921750e+00 2.231267345050879314e+00 2.214876033057851412e+00 2.200729927007299747e+00 2.184782608695652328e+00 2.169064748201438686e+00 2.153571428571428914e+00 2.138297872340425787e+00 2.123239436619718479e+00 2.106550218340611735e+00 2.090121317157712433e+00 2.073946689595872694e+00 2.058020477815699856e+00 2.040609137055837685e+00 2.023489932885905951e+00 2.001668056713928223e+00 1.986655546288573770e+00 1.971643035863219540e+00 1.951626355296080195e+00 1.931609674728940851e+00 1.916597164303586398e+00 1.896580483736447054e+00 1.881567973311092823e+00 1.861551292743953478e+00 1.841534612176814134e+00 1.821517931609674790e+00 1.806505421184320337e+00 1.786488740617180992e+00 1.766472060050041648e+00 1.746455379482902304e+00 1.721434528773978290e+00 1.701417848206838945e+00 1.681401167639699601e+00 1.661384487072560701e+00 1.636363636363636243e+00
2.453713123092573944e+00 2.438827098078867994e+00 2.426559356136821055e+00 2.412000000000000366e+00 2.397614314115308343e+00 2.381046396841066226e+00 2.367026496565260096e+00 2.353170731707317387e+00 2.337209302325581550e+00 2.321462945139557643e+00 2.305927342256214096e+00 2.290598290598290898e+00 2.275471698113207708e+00 2.260543580131209040e+00 2.243720930232558253e+00 2.229205175600739608e+00 2.212844036697247940e+00 2.196721311475410054e+00 2.178861788617886042e+00 2.163228699551569711e+00 2.145907473309608626e+00 2.128861429832303642e+00 2.112084063047285465e+00 2.095569070373588527e+00 2.077519379844961378e+00 2.059777967549103472e+00 2.042337002540220325e+00 2.023489932885905951e+00 2.001668056713928223e+00 1.986655546288573770e+00 1.966638865721434426e+00 1.946622185154295082e+00 1.926605504587156181e+00 1.911592994161801506e+00 1.891576313594662384e+00 1.871559633027523040e+00 1.851542952460383695e+00 1.826522101751459681e+00 1.806505421184320337e+00 1.786488740617180992e+00 1.766472060050041648e+00 1.741451209341117634e+00 1.721434528773978290e+00 1.701417848206838945e+00 1.676396997497914931e+00 1.656380316930775587e+00 1.626355296080066681e+00 1.606338615512927559e+00 1.581317764804003323e+00 1.556296914095079309e+00
2.453713123092573944e+00 2.438827098078867994e+00 2.424120603015075481e+00 2.407185628742515071e+00 2.392857142857143238e+00 2.376354679802955783e+00 2.360078277886497045e+00 2.344023323615160415e+00 2.328185328185328196e+00 2.312559923298178610e+00 2.294957183634633857e+00 2.279773156899811415e+00 2.262664165103189351e+00 2.245810055865921750e+00 2.229205175600739608e+00 2.210815765352887485e+00 2.194722474977252258e+00 2.176895306859206070e+00 2.157423971377459893e+00 2.140195208518190118e+00 2.121372031662269286e+00 2.102877070619006084e+00 2.084701815038894068e+00 2.066838046272494012e+00 2.047538200339558578e+00 2.028595458368376736e+00 2.006672226855713337e+00 1.986655546288573770e+00 1.966638865721434426e+00 1.946622185154295082e+00 1.926605504587156181e+00 1.906588824020016837e+00 1.881567973311092823e+00 1.866555462885738148e+00 1.841534612176814134e+00 1.821517931609674790e+00 1.796497080900750776e+00 1.776480400333611431e+00 1.751459549624687417e+00 1.726438698915763403e+00 1.701417848206838945e+00 1.681401167639699601e+00 1.651376146788990917e+00 1.626355296080066681e+00 1.606338615512927559e+00 1.576313594662218653e+00 1.551292743953294639e+00 1.526271893244370181e+00 1.496246872393661498e+00 1.466221851542952592e+00
2.453713123092573944e+00 2.436363636363636509e+00 2.421686746987952166e+00 2.404785643070788126e+00 2.388118811881188464e+00 2.371681415929203673e+00 2.353170731707317387e+00 2.337209302325581550e+00 2.319230769230769429e+00 2.301526717557252244e+00 2.284090909090909172e+00 2.266917293233082997e+00 2.247903075489282809e+00 2.231267345050879314e+00 2.212844036697247940e+00 2.192727272727272858e+00 2.174932371505861273e+00 2.155495978552278924e+00 2.136403897254207429e+00 2.117647058823529882e+00 2.097391304347826502e+00 2.077519379844961378e+00 2.058020477815699856e+00 2.037162162162162282e+00 2.016722408026756064e+00 1.996663886572143554e+00 1.976647206005004209e+00 1.951626355296080195e+00 1.926605504587156181e+00 1.906588824020016837e+00 1.886572143452877492e+00 1.861551292743953478e+00 1.841534612176814134e+00 1.816513761467890120e+00 1.791492910758965662e+00 1.766472060050041648e+00 1.741451209341117634e+00 1.716430358632193620e+00 1.696413678065054276e+00 1.661384487072560701e+00 1.641367806505421356e+00 1.611342785654712229e+00 1.586321934945788215e+00 1.556296914095079309e+00 1.526271893244370181e+00 1.496246872393661498e+00 1.466221851542952592e+00 1.436196830692243465e+00 1.406171809841534781e+00 1.371142618849040984e+00
2.451219512195121908e+00 2.436363636363636509e+00 2.416833667334669755e+00 2.400000000000000355e+00 2.383399209486166015e+00 2.364705882352941213e+00 2.346303501945525394e+00 2.328185328185328196e+00 2.310344827586206851e+00 2.292775665399239493e+00 2.273327049952874823e+00 2.254205607476635898e+00 2.235403151065801897e+00 2.214876033057851412e+00 2.196721311475410054e+00 2.176895306859206070e+00 2.155495978552278924e+00 2.136403897254207429e+00 2.115789473684210442e+00 2.093750000000000000e+00 2.077319587628866149e+00 2.051020408163265252e+00 2.030303030303030720e+00 2.006672226855713337e+00 1.981651376146789101e+00 1.961634695579649756e+00 1.936613844870725742e+00 1.911592994161801506e+00 1.891576313594662384e+00 1.866555462885738148e+00 1.841534612176814134e+00 1.816513761467890120e+00 1.791492910758965662e+00 1.766472060050041648e+00 1.741451209341117634e+00 1.711426188490408729e+00 1.686405337781484715e+00 1.656380316930775587e+00 1.631359466221851573e+00 1.601334445371142667e+00 1.571309424520433540e+00 1.541284403669724856e+00 1.511259382819015951e+00 1.476230191826522153e+00 1.446205170975813248e+00 1.411175979983319451e+00 1.381150959132610545e+00 1.346121768140116748e+00 1.306088407005838281e+00 1.271059216013344484e+00
2.451219512195121908e+00 2.433905146316851731e+00 2.414414414414414622e+00 2.397614314115308343e+00 2.378698224852071164e+00 2.360078277886497045e+00 2.339476236663433628e+00 2.321462945139557643e+00 2.301526717557252244e+00 2.281929990539262487e+00 2.262664165103189351e+00 2.241635687732342230e+00 2.220994475138121871e+00 2.200729927007299747e+00 2.178861788617886042e+00 2.157423971377459893e+00 2.136403897254207429e+00 2.115789473684210442e+00 2.091934084995663579e+00 2.070386266094420780e+00 2.047538200339558578e+00 2.025188916876574652e+00 1.996663886572143554e+00 1.976647206005004209e+00 1.951626355296080195e+00 1.926605504587156181e+00 1.901584653878231723e+00 1.876563803169307709e+00 1.851542952460383695e+00 1.826522101751459681e+00 1.796497080900750776e+00 1.771476230191826762e+00 1.746455379482902304e+00 1.711426188490408729e+00 1.686405337781484715e+00 1.656380316930775587e+00 1.626355296080066681e+00 1.601334445371142667e+00 1.566305254378648870e+00 1.536280233527939965e+00 1.501251042535446167e+00 1.466221851542952592e+00 1.431192660550458795e+00 1.396163469557964998e+00 1.361134278565471423e+00 1.321100917431192734e+00 1.281067556296914045e+00 1.241034195162635578e+00 1.201000834028357112e+00 1.155963302752293753e+00
2.451219512195121908e+00 2.431451612903225978e+00 2.412000000000000366e+00 2.392857142857143238e+00 2.374015748031496287e+00 2.353170731707317387e+00 2.332688588007737263e+00 2.312559923298178610e+00 2.292775665399239493e+00 2.271186440677966267e+00 2.250000000000000000e+00 2.229205175600739608e+00 2.206770356816102563e+00 2.184782608695652328e+00 2.163228699551569711e+00 2.140195208518190118e+00 2.117647058823529882e+00 2.098958333333333481e+00 2.070386266094420780e+00 2.050890585241730513e+00 2.026823134953898098e+00 1.996663886572143554e+00 1.966638865721434426e+00 1.946622185154295082e+00 1.916597164303586398e+00 1.896580483736447054e+00 1.866555462885738148e+00 1.841534612176814134e+00 1.811509591326105006e+00 1.781484570475396323e+00 1.751459549624687417e+00 1.726438698915763403e+00 1.696413678065054276e+00 1.666388657214345370e+00 1.631359466221851573e+00 1.601334445371142667e+00 1.566305254378648870e+00 1.531276063386155295e+00 1.496246872393661498e+00 1.461217681401167701e+00 1.426188490408674125e+00 1.391159299416180106e+00 1.346121768140116748e+00 1.306088407005838281e+00 1.266055045871559814e+00 1.221017514595496234e+00 1.175979983319432876e+00 1.130942452043369517e+00 1.080900750625521267e+00 1.025854879065888348e+00
2.451219512195121908e+00 2.431451612903225978e+00 2.409590409590409710e+00 2.390485629335976192e+00 2.369351669941061278e+00 2.348588120740019658e+00 2.325940212150433783e+00 2.305927342256214096e+00 2.284090909090909172e+00 2.260543580131209040e+00 2.239554317548746898e+00 2.216911764705882693e+00 2.192727272727272858e+00 2.169064748201438686e+00 2.145907473309608626e+00 2.121372031662269286e+00 2.097391304347826502e+00 2.077319587628866149e+00 2.047538200339558578e+00 2.026823134953898098e+00 1.991659716430358884e+00 1.966638865721434426e+00 1.941618015012510412e+00 1.916597164303586398e+00 1.886572143452877492e+00 1.856547122602168365e+00 1.831526271893244351e+00 1.801501251042535445e+00 1.771476230191826762e+00 1.736447039199332742e+00 1.706422018348624059e+00 1.676396997497914931e+00 1.641367806505421356e+00 1.606338615512927559e+00 1.576313594662218653e+00 1.536280233527939965e+00 1.506255212677231281e+00 1.466221851542952592e+00 1.426188490408674125e+00 1.386155129274395437e+00 1.346121768140116748e+00 1.301084236864053389e+00 1.256046705587990031e+00 1.211009174311926673e+00 1.165971643035863314e+00 1.110925771476230173e+00 1.060884070058381923e+00 1.005838198498749003e+00 9.407839866555464114e-01 8.807339449541284893e-01
2.451219512195121908e+00 2.429003021148036456e+00 2.407185628742515071e+00 2.385756676557863720e+00 2.364705882352941213e+00 2.341747572815534362e+00 2.319230769230769429e+00 2.297142857142857153e+00 2.273327049952874823e+00 2.250000000000000000e+00 2.227146814404432185e+00 2.202739726027397538e+00 2.178861788617886042e+00 2.153571428571428914e+00 2.128861429832303642e+00 2.108108108108108336e+00 2.077519379844961378e+00 2.056122448979591955e+00 2.025188916876574652e+00 1.991659716430358884e+00 1.966638865721434426e+00 1.941618015012510412e+00 1.911592994161801506e+00 1.881567973311092823e+00 1.851542952460383695e+00 1.821517931609674790e+00 1.791492910758965662e+00 1.756463719766472087e+00 1.726438698915763403e+00 1.696413678065054276e+00 1.661384487072560701e+00 1.626355296080066681e+00 1.591326105087572884e+00 1.551292743953294639e+00 1.511259382819015951e+00 1.476230191826522153e+00 1.436196830692243465e+00 1.391159299416180106e+00 1.351125938281901639e+00 1.301084236864053389e+00 1.261050875729774923e+00 1.211009174311926673e+00 1.160967472894078645e+00 1.110925771476230173e+00 1.050875729774812584e+00 9.908256880733945504e-01 9.257714762301918476e-01 8.557130942452043643e-01 7.806505421184321003e-01 7.005838198498749447e-01
2.464285714285714413e+00 2.461538461538461675e+00 2.459016393442623016e+00 2.390625000000000000e+00 2.390977443609022757e+00 2.374100719424460326e+00 2.358620689655172686e+00 2.304635761589404197e+00 2.292993630573248787e+00 2.282208588957055362e+00 2.223529411764705976e+00 2.203389830508474923e+00 2.184782608695652328e+00 2.156250000000000000e+00 2.140703517587939864e+00 2.105769230769230838e+00 2.083333333333333481e+00 2.053333333333333233e+00 1.991266375545851508e+00 1.990909090909091184e+00 1.924528301886792470e+00 1.921182266009852313e+00 1.865284974093264214e+00 1.836065573770491843e+00 1.803468208092485758e+00 1.788819875776397561e+00 1.731543624161073991e+00 1.720588235294117530e+00 1.672131147540983465e+00 1.666666666666666741e+00 1.630434782608695565e+00 1.540540540540540571e+00 1.527272727272727115e+00 1.542857142857142705e+00 1.384615384615384803e+00 1.411175979983319451e+00 1.361134278565471423e+00 1.316096747289408064e+00 1.271059216013344484e+00 1.216013344453711564e+00 1.165971643035863314e+00 1.110925771476230173e+00 1.055879899916597253e+00 9.908256880733945504e-01 9.207673060884070670e-01 8.507089241034194727e-01 7.706422018348624281e-01 6.805671392827357113e-01 5.854879065888239920e-01 4.753961634695579308e-01
2.456692913385826849e+00 2.454545454545455030e+00 2.434782608695652328e+00 2.391608391608391671e+00 2.375838926174496546e+00 2.361290322580645196e+00 2.310559006211180488e+00 2.299401197604790781e+00 2.275862068965517349e+00 2.254143646408839796e+00 2.234042553191489588e+00 2.184615384615384848e+00 2.157635467980295818e+00 2.132701421800947905e+00 2.109589041095890405e+00 2.078947368421053099e+00 2.050632911392405333e+00 2.008163265306122547e+00 1.983050847457627164e+00 1.947368421052631637e+00 1.926605504587156181e+00 1.875000000000000000e+00 1.848484848484848397e+00 1.828877005347593565e+00 1.782857142857142918e+00 1.777777777777777679e+00 1.731543624161073991e+00 1.656716417910447881e+00 1.627118644067796716e+00 1.603960396039604053e+00 1.518072289156626509e+00 1.548387096774193505e+00 1.350000000000000089e+00 1.500000000000000000e+00 1.386155129274395437e+00 1.341117597998332078e+00 1.286071726438698937e+00 1.236030025020850687e+00 1.180984153461217767e+00 1.125938281901584626e+00 1.060884070058381923e+00 1.000834028356964112e+00 9.307756463719767392e-01 8.557130942452043643e-01 7.706422018348624281e-01 6.805671392827357113e-01 5.754795663052544308e-01 4.603836530442035335e-01 3.202668890742285113e-01 1.401167639699749945e-01
2.468085106382978733e+00 2.465753424657534332e+00 2.407894736842105754e+00 2.407643312101911182e+00 2.355828220858895872e+00 2.329411764705882515e+00 2.318181818181818343e+00 2.295081967213114638e+00 2.273684210526316196e+00 2.223350253807106824e+00 2.195121951219512368e+00 2.169014084507042472e+00 2.144796380090498111e+00 2.122270742358078888e+00 2.092436974789916082e+00 2.064777327935222839e+00 2.031128404669261034e+00 1.976190476190476275e+00 1.975308641975308754e+00 1.905579399141630770e+00 1.883408071748879031e+00 1.867924528301886822e+00 1.820895522388059851e+00 1.809523809523809534e+00 1.748571428571428665e+00 1.714285714285714191e+00 1.684931506849315141e+00 1.674418604651162878e+00 1.621621621621621712e+00 1.565217391304347894e+00 1.457142857142857295e+00 1.434782608695652328e+00 1.500000000000000000e+00 1.366138448707256092e+00 1.316096747289408064e+00 1.261050875729774923e+00 1.206005004170142003e+00 1.145954962468723970e+00 1.085904920767306159e+00 1.020850708924103456e+00 9.507923269391158616e-01 8.757297748123437087e-01 7.906588824020016615e-01 6.905754795663052725e-01 5.854879065888239920e-01 4.603836530442035335e-01 3.202668890742285113e-01 1.201000834028356917e-01 -4.153461217681401751e-01 -4.153461217681401751e-01
2.470588235294117752e+00 2.415094339622641861e+00 2.400000000000000355e+00 2.385964912280701622e+00 2.338983050847458056e+00 2.347826086956521952e+00 2.293193717277487220e+00 2.272727272727272929e+00 2.253658536585366079e+00 2.225352112676056482e+00 2.199095022624434570e+00 2.174672489082969840e+00 2.142857142857143238e+00 2.113360323886639858e+00 2.062500000000000000e+00 2.052631578947368585e+00 1.992537313432835910e+00 1.976744186046511587e+00 1.927710843373493965e+00 1.890756302521008347e+00 1.850220264317180785e+00 1.813953488372092915e+00 1.782178217821782207e+00 1.746031746031746046e+00 1.724137931034482651e+00 1.632911392405063333e+00 1.617021276595744794e+00 1.622950819672131395e+00 1.544554455445544594e+00 1.461538461538461675e+00 1.471698113207547287e+00 1.439999999999999947e+00 1.351125938281901639e+00 1.296080066722268720e+00 1.236030025020850687e+00 1.175979983319432876e+00 1.115929941618015064e+00 1.050875729774812584e+00 9.808173477898248782e-01 9.057547956630525032e-01 8.156797331109257865e-01 7.256046705587990697e-01 6.155129274395330086e-01 4.904086738949124391e-01 3.452877397831526363e-01 1.501251042535446389e-01 -4.153461217681401751e-01 -4.153461217681401751e-01 -4.153461217681401751e-01 -4.153461217681401751e-01
2.472727272727272663e+00 2.421052631578947345e+00 2.406779661016949401e+00 2.380434782608695787e+00 2.368421052631579204e+00 2.314720812182741394e+00 2.294117647058823373e+00 2.264150943396226801e+00 2.246575342465753522e+00 2.220264317180616676e+00 2.186440677966101642e+00 2.155102040816326614e+00 2.125984251968504157e+00 2.090909090909091272e+00 2.058394160583941979e+00 1.992932862190812671e+00 1.970802919708029233e+00 1.954545454545454586e+00 1.897233201581027817e+00 1.884297520661157188e+00 1.807860262008733621e+00 1.777777777777777679e+00 1.752475247524752477e+00 1.732620320855615015e+00 1.684210526315789380e+00 1.607843137254902022e+00 1.578947368421052655e+00 1.553571428571428825e+00 1.500000000000000000e+00 1.377049180327869049e+00 1.312500000000000000e+00 1.336113427856547187e+00 1.281067556296914045e+00 1.221017514595496234e+00 1.160967472894078645e+00 1.090909090909091050e+00 1.025854879065888348e+00 9.457881567973311920e-01 8.607172643869891449e-01 7.656380316930776475e-01 6.605504587155963669e-01 5.404503753127606336e-01 3.903252710592160502e-01 2.051709758131776695e-01 -4.153461217681401751e-01 -4.153461217681401751e-01 -4.153461217681401751e-01 -4.153461217681401751e-01 -4.153461217681401751e-01 -4.153461217681401751e-01
2.454545454545455030e+00 2.439560439560439775e+00 2.412698412698412564e+00 2.369230769230769251e+00 2.346534653465346842e+00 2.314285714285714501e+00 2.294930875576036922e+00 2.266666666666666607e+00 2.214592274678111927e+00 2.190871369294606019e+00 2.160000000000000142e+00 2.123076923076923528e+00 2.096654275092936892e+00 2.078571428571428736e+00 2.027586206896551779e+00 1.972318339100346041e+00 1.956989247311828217e+00 1.902985074626865947e+00 1.875000000000000000e+00 1.819672131147541005e+00 1.792207792207792139e+00 1.750000000000000222e+00 1.731343283582089665e+00 1.695652173913043459e+00 1.600000000000000089e+00 1.613793103448275756e+00 1.512195121951219523e+00 1.530612244897959329e+00 1.436619718309859239e+00 1.350000000000000089e+00 1.500000000000000000e+00 1.271059216013344484e+00 1.206005004170142003e+00 1.140950792326939300e+00 1.070892410341951706e+00 9.958298582151794420e-01 9.157631359466221754e-01 8.256880733944954587e-01 7.206005004170141781e-01 6.055045871559633364e-01 4.603836530442035335e-01 2.902418682235196612e-01 -4.153461217681401751e-01 -4.153461217681401751e-01 -4.181360201511334918e-01 -4.153461217681401751e-01 -4.153461217681401751e-01 -4.153461217681401751e-01 -4.153461217681401751e-01 -4.153461217681401751e-01
2.470588235294117752e+00 2.424870466321243700e+00 2.400000000000000355e+00 2.376811594202898448e+00 2.327102803738317682e+00 2.307692307692307931e+00 2.279475982532751299e+00 2.253164556962025777e+00 2.219512195121951414e+00 2.188235294117647278e+00 2.159090909090909172e+00 2.124087591240876094e+00 2.084210526315789735e+00 2.054237288135593253e+00 1.993421052631578982e+00 1.959183673469387710e+00 1.929328621908127372e+00 1.881918819188192149e+00 1.853281853281853353e+00 1.812244897959183865e+00 1.766233766233766378e+00 1.730232558139535026e+00 1.696969696969697017e+00 1.642458100558659151e+00 1.594936708860759333e+00 1.511111111111111072e+00 1.527272727272727115e+00 1.407407407407407440e+00 1.346938775510204245e+00 1.500000000000000000e+00 1.261050875729774923e+00 1.201000834028357112e+00 1.130942452043369517e+00 1.055879899916597253e+00 9.758131776480400976e-01 8.857381150959133809e-01 7.906588824020016615e-01 6.805671392827357113e-01 5.454545454545455252e-01 3.903252710592160502e-01 1.751459549624687362e-01 -4.153461217681401751e-01 -4.130982367758186391e-01 -4.153461217681401751e-01 -4.153461217681401751e-01 -4.153461217681401751e-01 -4.153461217681401751e-01 -4.153461217681401751e-01 -4.153461217681401751e-01 -4.153461217681401751e-01
2.448979591836734748e+00 2.423645320197044484e+00 2.400000000000000355e+00 2.377880184331797597e+00 2.346666666666667123e+00 2.317596566523605350e+00 2.265560165975103679e+00 2.240963855421686635e+00 2.209302325581395277e+00 2.171641791044776060e+00 2.136690647482014427e+00 2.104166666666666519e+00 2.066889632107023367e+00 2.025723472668810476e+00 1.967532467532467688e+00 1.953020134228187876e+00 1.909090909090909172e+00 1.868131868131868156e+00 1.823076923076923039e+00 1.787755102040816446e+00 1.729257641921397415e+00 1.669811320754716943e+00 1.647668393782383278e+00 1.604651162790697638e+00 1.530201342281879429e+00 1.512195121951219523e+00 1.404255319148936199e+00 1.377049180327869049e+00 1.304347826086956541e+00 1.261050875729774923e+00 1.195996663886572220e+00 1.120934111759799956e+00 1.045871559633027692e+00 9.658048373644704254e-01 8.657214345287740365e-01 7.656380316930776475e-01 6.455379482902419142e-01 5.004170141784820558e-01 3.152627189324437307e-01 -4.153461217681401751e-01 -4.153461217681401751e-01 -4.153461217681401751e-01 -4.153461217681401751e-01 -4.153461217681401751e-01 -4.153461217681401751e-01 -4.153461217681401751e-01 -4.153461217681401751e-01 -4.153461217681401751e-01 -4.153461217681401751e-01 -4.153461217681401751e-01
2.446601941747573061e+00 2.422535211267605959e+00 2.400000000000000355e+00 2.352422907488986858e+00 2.323404255319148959e+00 2.296296296296296280e+00 2.261904761904761862e+00 2.229885057471264531e+00 2.200000000000000178e+00 2.164285714285714590e+00 2.123711340206186016e+00 2.093023255813953654e+00 2.051118210862620028e+00 2.006191950464396356e+00 1.980769230769230838e+00 1.913621262458471639e+00 1.875000000000000000e+00 1.854545454545454497e+00 1.800000000000000044e+00 1.745901639344262346e+00 1.691629955947136832e+00 1.644230769230769384e+00 1.636363636363636243e+00 1.582822085889570518e+00 1.489051094890511129e+00 1.444444444444444420e+00 1.378378378378378510e+00 1.371428571428571441e+00 1.261050875729774923e+00 1.195996663886572220e+00 1.115929941618015064e+00 1.035863219349457909e+00 9.507923269391158616e-01 8.557130942452043643e-01 7.456213511259383031e-01 6.205170975813177892e-01 4.603836530442035335e-01 2.502085070892410279e-01 -4.153461217681401751e-01 -4.153461217681401751e-01 -4.153461217681401751e-01 -4.153461217681401751e-01 -4.153461217681401751e-01 -4.153461217681401751e-01 -4.153461217681401751e-01 -4.153461217681401751e-01 -4.153461217681401751e-01 -4.153461217681401751e-01 -4.153461217681401751e-01 -4.153461217681401751e-01
